100 389
0 0
0 1
0 2
0 3
0 4
0 5
0 6
0 7
0 8
0 9
0 10
0 11
0 12
0 13
0 14
0 15
0 16
1 0
1 7
1 17
1 18
1 19
1 20
1 21
1 22
1 23
1 24
1 25
1 26
1 27
1 28
1 29
1 30
1 31
1 32
1 33
1 34
1 35
1 36
1 37
1 38
1 39
3 0
3 14
3 40
3 41
3 42
3 43
4 0
4 11
4 14
4 40
4 44
4 45
4 46
4 47
4 48
4 49
4 50
4 51
4 52
4 53
4 54
4 55
4 56
4 57
4 58
4 59
4 60
4 61
4 62
4 63
4 64
4 65
4 66
4 67
4 68
4 69
4 70
4 71
4 72
4 73
4 74
4 75
4 76
4 77
4 78
4 79
4 80
4 81
4 82
5 0
5 83
5 84
5 85
5 86
5 87
5 88
6 0
6 14
6 37
6 38
6 39
6 89
6 90
6 91
6 92
6 93
6 94
6 95
6 96
6 97
6 98
6 99
7 0
7 6
7 8
7 14
7 25
7 33
7 37
7 45
7 80
7 82
8 0
8 3
8 14
8 40
8 46
8 70
9 0
9 12
9 14
10 0
10 4
10 6
10 9
10 14
10 15
10 16
10 33
10 35
10 37
10 38
10 40
10 44
10 46
10 51
10 63
10 70
10 71
10 72
10 74
11 0
11 6
11 9
11 14
11 36
11 40
11 44
11 46
11 51
11 63
11 68
11 69
11 70
11 72
11 73
11 74
14 0
15 0
15 4
15 70
17 1
18 1
19 0
19 1
19 17
19 19
19 20
19 21
19 23
19 24
19 25
19 27
19 29
20 0
20 17
20 19
20 20
20 21
20 23
20 24
20 25
20 27
20 29
21 0
21 1
21 21
23 0
23 1
23 17
23 19
23 20
23 21
23 23
23 24
23 25
23 27
23 29
24 0
24 1
24 17
24 19
24 20
24 21
24 23
24 24
24 25
24 27
24 29
25 0
25 1
25 17
25 19
25 20
25 21
25 23
25 24
25 25
25 27
25 29
26 0
26 1
26 17
26 19
26 20
26 21
26 23
26 24
26 25
26 27
26 29
27 0
27 1
27 17
27 19
27 20
27 21
27 23
27 24
27 25
27 27
27 29
28 1
29 0
29 1
30 0
30 1
30 18
32 0
34 0
34 34
35 0
36 0
36 1
36 4
36 69
40 0
40 14
40 40
40 73
41 0
42 0
46 14
47 0
47 80
47 81
47 82
48 0
48 49
49 0
49 48
50 50
50 55
50 64
51 51
52 52
53 0
54 0
54 55
55 0
55 54
55 71
56 0
56 55
56 57
57 0
57 55
57 56
57 57
58 0
58 58
58 59
59 58
59 59
60 58
60 59
60 60
61 0
61 62
62 0
62 61
64 0
64 67
65 64
66 64
67 64
67 75
67 76
68 0
68 1
68 4
68 68
68 69
69 0
69 1
69 4
69 36
69 68
69 69
69 74
70 0
70 15
70 53
70 55
70 64
70 70
71 0
71 55
84 0
84 5
84 85
85 0
85 5
85 84
86 0
86 86
90 0
90 90
90 91
90 92
90 93
90 94
90 95
90 96
90 97
90 98
90 99
91 0
91 90
91 91
92 0
92 39
92 90
92 92
92 97
93 0
93 90
93 93
94 0
94 90
94 94
95 0
95 90
95 95
97 0
97 90
97 92
97 96
97 97
98 0
98 39
98 45
98 90
98 98
99 0
99 90
99 99
