501 1957
0 0
0 1
0 2
0 3
0 4
0 5
0 6
0 7
0 8
0 9
0 10
0 11
0 12
0 13
0 14
0 15
0 16
1 0
1 7
1 17
1 18
1 19
1 20
1 21
1 22
1 23
1 24
1 25
1 26
1 27
1 28
1 29
1 30
1 31
1 32
1 33
1 34
1 35
1 36
1 37
1 38
1 39
3 0
3 14
3 40
3 41
3 42
3 43
4 0
4 11
4 14
4 40
4 44
4 45
4 46
4 47
4 48
4 49
4 50
4 51
4 52
4 53
4 54
4 55
4 56
4 57
4 58
4 59
4 60
4 61
4 62
4 63
4 64
4 65
4 66
4 67
4 68
4 69
4 70
4 71
4 72
4 73
4 74
4 75
4 76
4 77
4 78
4 79
4 80
4 81
4 82
5 0
5 83
5 84
5 85
5 86
5 87
5 88
6 0
6 14
6 37
6 38
6 39
6 89
6 90
6 91
6 92
6 93
6 94
6 95
6 96
6 97
6 98
6 99
6 100
6 101
6 102
6 103
6 104
6 105
6 106
6 107
6 108
6 109
6 110
6 111
6 112
6 113
6 114
6 115
6 116
6 117
6 118
6 119
6 120
6 121
6 122
6 123
7 0
7 6
7 8
7 14
7 25
7 33
7 37
7 45
7 80
7 82
7 121
7 124
7 125
7 126
7 127
7 128
7 129
7 130
7 131
7 132
7 133
7 134
7 135
7 136
7 137
7 138
7 139
7 140
7 141
7 142
7 143
7 144
7 145
7 146
7 147
7 148
7 149
7 150
7 151
7 152
8 0
8 3
8 14
8 40
8 46
8 70
8 141
8 150
8 153
8 154
8 155
8 156
9 0
9 12
9 14
9 131
9 134
9 157
9 158
9 159
9 160
9 161
9 162
9 163
9 164
9 165
9 166
9 167
9 168
10 0
10 4
10 6
10 9
10 14
10 15
10 16
10 33
10 35
10 37
10 38
10 40
10 44
10 46
10 51
10 63
10 70
10 71
10 72
10 74
10 134
10 140
10 141
10 144
10 145
10 169
10 170
10 171
10 172
10 173
10 174
10 175
10 176
10 177
10 178
10 179
10 180
10 181
10 182
10 183
10 184
10 185
10 186
10 187
10 188
10 189
10 190
10 191
10 192
10 193
10 194
10 195
10 196
10 197
10 198
10 199
10 200
10 201
10 202
10 203
10 204
10 205
10 206
10 207
10 208
10 209
10 210
10 211
10 212
10 213
10 214
10 215
10 216
10 217
10 218
10 219
10 220
11 0
11 6
11 9
11 14
11 36
11 40
11 44
11 46
11 51
11 63
11 68
11 69
11 70
11 72
11 73
11 74
11 103
11 107
11 111
11 136
11 137
11 138
11 151
11 152
11 153
11 155
11 156
11 162
11 163
11 171
11 189
11 202
11 205
11 206
11 210
11 212
11 214
11 215
11 216
11 217
11 221
11 222
11 223
11 224
11 225
11 226
11 227
11 228
11 229
11 230
11 231
11 232
11 233
11 234
11 235
12 236
12 237
13 238
13 239
14 0
15 0
15 4
15 70
15 141
15 169
15 202
15 240
15 241
15 242
15 243
15 244
15 245
15 246
16 247
16 248
16 249
16 250
16 251
16 252
16 253
16 254
16 255
16 256
16 257
17 1
17 258
17 259
17 260
17 261
17 262
17 263
17 264
17 265
17 266
18 1
18 267
18 268
19 0
19 1
19 17
19 19
19 20
19 21
19 23
19 24
19 25
19 27
19 29
19 269
19 270
19 271
19 272
19 273
19 274
19 275
19 276
19 277
19 278
19 279
19 280
19 281
19 282
19 283
19 284
19 285
19 286
19 287
19 288
19 289
19 290
19 291
19 292
19 293
19 294
19 295
19 296
19 297
19 298
19 299
19 300
19 301
19 302
19 303
19 304
19 305
19 306
19 307
19 308
19 309
19 310
19 311
19 312
19 313
19 314
19 315
19 316
19 317
19 318
19 319
19 320
19 321
19 322
19 323
19 324
19 325
19 326
19 327
19 328
19 329
19 330
19 331
19 332
19 333
19 334
19 335
19 336
19 337
19 338
19 339
19 340
19 341
19 342
19 343
19 344
19 345
19 346
19 347
19 348
19 349
19 350
19 351
20 0
20 17
20 19
20 20
20 21
20 23
20 24
20 25
20 27
20 29
20 352
20 353
20 354
20 355
20 356
20 357
20 358
20 359
20 360
20 361
20 362
20 363
20 364
20 365
20 366
20 367
20 368
20 369
20 370
20 371
20 372
20 373
20 374
20 375
20 376
20 377
20 378
20 379
20 380
20 381
20 382
20 383
20 384
20 385
20 386
20 387
20 388
20 389
20 390
20 391
20 392
20 393
20 394
20 395
20 396
20 397
20 398
20 399
20 400
20 401
20 402
20 403
20 404
20 405
20 406
20 407
20 408
20 409
20 410
20 411
20 412
20 413
20 414
20 415
20 416
20 417
20 418
20 419
20 420
20 421
20 422
20 423
20 424
20 425
20 426
20 427
20 428
20 429
20 430
20 431
20 432
20 433
20 434
20 435
20 436
20 437
20 438
20 439
20 440
20 441
20 442
20 443
20 444
20 445
20 446
20 447
20 448
20 449
20 450
20 451
20 452
20 453
20 454
20 455
20 456
20 457
20 458
20 459
20 460
20 461
20 462
20 463
20 464
20 465
20 466
20 467
20 468
20 469
20 470
20 471
20 472
20 473
20 474
20 475
20 476
20 477
20 478
20 479
20 480
20 481
20 482
20 483
20 484
20 485
20 486
20 487
20 488
20 489
20 490
20 491
20 492
20 493
20 494
20 495
20 496
20 497
20 498
20 499
20 500
21 0
21 1
21 21
23 0
23 1
23 17
23 19
23 20
23 21
23 23
23 24
23 25
23 27
23 29
24 0
24 1
24 17
24 19
24 20
24 21
24 23
24 24
24 25
24 27
24 29
25 0
25 1
25 17
25 19
25 20
25 21
25 23
25 24
25 25
25 27
25 29
26 0
26 1
26 17
26 19
26 20
26 21
26 23
26 24
26 25
26 27
26 29
27 0
27 1
27 17
27 19
27 20
27 21
27 23
27 24
27 25
27 27
27 29
28 1
29 0
29 1
30 0
30 1
30 18
32 0
32 132
33 176
34 0
34 34
34 163
35 0
35 267
36 0
36 1
36 4
36 69
36 156
36 202
37 267
40 0
40 14
40 40
40 73
40 157
40 160
40 161
40 173
40 205
40 210
40 216
40 217
40 235
41 0
42 0
46 14
46 267
47 0
47 80
47 81
47 82
48 0
48 49
49 0
49 48
50 50
50 55
50 64
50 189
51 51
51 189
52 52
52 170
52 172
52 189
52 194
52 204
53 0
54 0
54 55
55 0
55 54
55 71
56 0
56 55
56 57
57 0
57 55
57 56
57 57
58 0
58 58
58 59
59 58
59 59
60 58
60 59
60 60
61 0
61 62
62 0
62 61
64 0
64 67
65 64
66 64
67 64
67 75
67 76
68 0
68 1
68 4
68 68
68 69
68 156
68 202
69 0
69 1
69 4
69 36
69 68
69 69
69 74
69 107
69 156
69 189
69 202
69 206
69 212
69 228
69 229
69 230
69 231
69 232
70 0
70 15
70 53
70 55
70 64
70 70
70 169
70 240
70 242
70 243
70 246
71 0
71 55
84 0
84 5
84 85
85 0
85 5
85 84
86 0
86 86
90 0
90 90
90 91
90 92
90 93
90 94
90 95
90 96
90 97
90 98
90 99
90 100
91 0
91 90
91 91
92 0
92 39
92 90
92 92
92 97
93 0
93 90
93 93
94 0
94 90
94 94
94 111
95 0
95 90
95 95
95 111
97 0
97 90
97 92
97 96
97 97
98 0
98 39
98 45
98 90
98 98
98 108
98 109
98 135
98 162
98 167
98 203
99 0
99 90
99 99
100 0
100 90
100 91
100 92
100 93
100 94
100 97
100 98
100 99
100 100
101 0
101 11
101 63
101 103
101 105
101 106
101 111
101 144
101 147
101 163
101 176
101 214
102 0
102 102
102 103
102 224
103 0
103 103
103 224
105 162
106 0
107 0
107 1
107 4
107 69
107 107
107 156
107 202
109 108
110 0
110 140
116 214
124 0
124 124
126 0
126 14
127 0
127 135
131 0
131 132
133 0
133 7
133 33
133 176
135 0
136 199
137 199
137 200
138 109
138 267
139 162
139 171
139 205
139 214
139 215
140 0
140 35
140 39
140 205
140 210
141 0
141 39
141 40
141 47
141 53
141 55
141 64
141 127
141 141
141 144
141 169
141 189
141 193
141 195
141 201
142 0
142 135
142 140
142 144
143 0
143 140
144 0
146 149
153 14
155 0
155 11
159 0
160 267
162 0
162 105
162 163
167 0
167 105
167 162
167 167
169 0
169 86
170 0
170 147
171 0
171 171
174 0
174 15
174 198
174 202
175 175
175 191
176 0
176 11
176 33
176 101
176 133
178 0
178 179
178 180
178 181
178 182
178 183
178 184
178 185
179 0
180 0
181 0
181 155
182 0
183 0
184 0
184 71
184 175
185 0
185 181
186 0
187 238
189 50
189 51
189 52
189 181
189 267
190 51
190 189
190 212
190 267
191 0
191 41
191 86
191 138
191 175
191 191
191 197
191 238
194 0
194 204
198 0
198 196
198 198
199 0
199 136
199 137
199 200
201 0
201 15
201 43
202 0
202 1
202 4
202 36
202 69
202 107
202 156
202 228
202 232
204 0
204 194
208 0
208 15
208 70
208 164
208 169
208 208
208 240
208 243
208 246
209 0
209 209
212 155
212 181
212 267
214 0
214 116
214 214
218 218
219 0
221 0
221 14
221 53
221 55
221 64
222 14
222 222
222 267
223 0
224 0
224 103
224 224
227 0
227 227
228 0
228 1
228 4
228 7
228 69
228 156
228 202
229 0
229 1
229 4
229 69
229 156
229 202
231 0
231 1
231 4
231 69
231 156
231 202
232 0
232 1
232 4
232 69
232 107
232 156
232 202
232 232
238 0
238 13
238 239
239 238
240 0
240 15
240 70
240 169
240 240
240 242
240 243
240 246
241 0
241 4
241 15
241 141
241 202
241 241
241 244
241 245
242 0
242 15
242 70
242 163
242 169
242 176
242 192
242 208
242 240
242 243
242 246
243 0
243 15
243 70
243 169
243 201
243 240
243 242
243 243
243 246
244 0
244 4
244 15
244 70
244 141
244 202
244 241
244 244
244 245
245 0
245 4
245 7
245 12
245 15
245 32
245 33
245 36
245 37
245 38
245 40
245 41
245 46
245 53
245 55
245 64
245 74
245 101
245 103
245 107
245 110
245 119
245 121
245 141
245 144
245 156
245 163
245 164
245 169
245 174
245 176
245 192
245 201
245 202
245 203
245 213
245 221
245 233
245 234
245 241
245 244
245 245
246 0
246 15
246 36
246 53
246 55
246 70
246 74
246 156
246 169
246 202
246 208
246 240
246 243
246 246
247 254
248 254
249 16
249 249
249 250
249 251
249 254
250 16
250 254
251 16
251 254
253 16
253 254
254 16
255 16
256 254
257 16
258 17
258 258
258 259
258 260
258 261
258 262
263 1
263 258
263 259
263 260
263 261
263 262
263 264
263 265
264 17
264 258
264 259
264 260
264 261
264 262
267 0
267 14
269 0
269 1
269 18
270 0
270 1
270 18
271 0
271 1
271 18
272 0
272 1
272 18
273 0
273 1
273 18
274 0
274 1
274 18
275 0
275 1
275 18
276 0
276 1
276 18
277 0
277 1
277 18
278 0
278 1
278 18
279 0
279 1
279 18
280 0
280 1
280 18
281 0
281 1
281 18
282 0
282 1
282 18
283 0
283 1
283 18
285 0
285 1
285 18
286 0
286 1
286 18
287 0
287 1
287 18
288 0
288 1
288 18
289 0
289 1
289 18
290 0
290 1
290 18
291 0
291 39
292 0
292 1
292 18
293 0
293 1
293 18
294 0
294 1
294 18
295 0
295 1
295 18
296 0
296 1
296 18
297 0
297 1
297 18
298 0
298 1
298 18
299 0
299 1
299 18
300 0
300 1
300 18
301 0
301 1
301 18
302 0
302 1
302 18
304 0
304 1
304 18
305 0
305 1
305 18
306 0
306 1
306 18
307 0
307 1
307 18
308 0
308 1
308 18
309 0
309 1
309 18
310 0
310 1
310 18
311 0
311 1
311 18
313 0
313 1
313 18
315 0
315 1
315 18
316 0
316 1
316 18
317 0
317 1
317 18
318 0
318 1
318 18
319 0
319 1
319 18
320 0
320 1
320 18
321 0
321 1
321 18
322 0
322 1
322 18
323 0
323 1
324 0
324 1
324 18
325 0
325 1
325 18
326 0
326 1
326 18
327 1
327 17
328 0
328 1
328 18
329 0
329 1
329 18
330 0
330 1
330 18
331 0
331 1
331 18
332 0
332 1
332 18
333 0
333 1
333 18
334 0
334 1
334 18
335 0
335 1
335 18
336 0
336 1
336 18
338 0
338 1
338 18
339 0
339 1
339 18
340 340
346 0
346 1
346 18
347 0
347 64
349 0
349 1
349 18
352 0
358 0
358 358
359 0
359 1
359 19
359 20
360 0
360 1
360 19
360 20
361 0
361 1
361 19
361 20
362 0
362 1
362 19
362 20
363 0
363 1
363 19
363 20
365 0
365 1
365 19
365 20
366 195
367 0
367 1
367 19
367 20
368 0
368 1
368 19
368 20
370 0
370 1
370 19
370 20
371 0
371 1
371 19
371 20
372 0
372 1
372 19
372 20
373 0
373 1
373 19
373 20
374 0
374 1
374 19
374 20
375 0
375 1
375 19
375 20
376 0
376 376
377 0
377 195
379 0
379 1
379 19
379 20
380 0
380 1
380 19
380 20
381 0
381 1
381 19
381 20
382 0
382 1
382 19
382 20
383 0
383 1
383 19
383 20
384 0
384 1
384 19
384 20
385 0
385 1
385 19
385 20
386 0
386 1
386 18
387 0
387 1
387 19
387 20
388 0
388 1
388 19
388 20
389 0
389 1
389 19
389 20
390 0
390 1
390 19
390 20
391 0
391 1
391 391
392 0
392 1
392 19
392 20
393 393
395 0
395 39
396 0
396 1
396 19
396 20
397 0
397 1
397 19
397 20
398 0
398 1
398 19
398 20
399 0
399 1
399 19
399 20
400 0
400 1
400 19
400 20
401 0
401 1
401 19
401 20
402 0
402 1
402 19
402 20
403 0
403 1
403 19
403 20
404 0
404 1
404 19
404 20
405 0
405 1
405 19
405 20
405 405
406 0
406 1
406 19
406 20
407 0
407 1
407 19
407 20
408 0
408 1
408 18
409 0
409 1
409 19
409 20
410 0
410 1
410 19
410 20
411 0
411 1
411 19
411 20
412 0
412 1
412 19
412 20
413 0
413 1
413 19
413 20
414 0
414 1
414 19
414 20
416 0
416 1
416 19
416 20
417 0
417 1
417 19
417 20
418 0
418 1
418 19
418 20
419 0
419 1
419 19
419 20
420 0
420 1
420 19
420 20
421 0
421 1
421 19
421 20
422 0
422 1
422 19
422 20
423 0
423 1
423 19
423 20
424 0
424 1
424 19
424 20
425 0
425 1
425 19
425 20
426 0
426 1
426 19
426 20
427 0
427 1
427 19
427 20
428 0
428 1
428 19
428 20
429 0
429 1
429 19
429 20
430 0
430 1
430 19
430 20
431 0
431 1
431 19
431 20
432 0
432 1
432 19
432 20
433 0
433 1
433 19
433 20
435 0
435 1
435 19
435 20
436 0
436 1
436 19
436 20
437 0
437 1
437 19
437 20
438 0
438 1
438 19
438 20
439 0
439 1
439 19
439 20
441 0
441 1
441 19
441 20
442 0
442 1
442 19
442 20
443 0
443 1
443 19
443 20
444 0
444 1
444 19
444 20
445 0
445 1
445 19
445 20
446 0
446 1
446 19
446 20
447 0
447 1
447 19
447 20
448 0
448 1
448 19
448 20
450 0
450 1
451 0
451 1
451 19
451 20
452 0
452 1
452 18
453 0
454 0
454 1
454 19
454 20
455 0
455 1
455 19
455 20
456 0
456 1
456 19
456 20
457 0
457 1
457 19
457 20
458 0
459 0
459 1
459 19
459 20
460 0
460 1
460 19
460 20
462 0
462 1
462 19
462 20
463 0
463 1
463 19
463 20
464 0
464 20
465 0
465 1
465 19
465 20
466 0
466 1
466 19
466 20
467 0
467 1
467 19
467 20
468 0
468 1
468 19
468 20
469 0
469 1
469 19
469 20
470 0
470 1
470 19
470 20
471 0
471 1
471 19
471 20
473 0
473 1
473 19
473 20
474 0
474 1
474 19
474 20
475 0
475 1
475 19
475 20
476 0
476 1
476 19
476 20
477 0
477 1
477 19
477 20
478 0
478 1
478 19
478 20
480 0
480 1
480 19
480 20
481 0
481 1
481 19
481 20
482 0
482 1
482 19
482 20
483 0
483 1
483 19
483 20
484 0
484 1
484 19
484 20
485 0
485 1
485 19
485 20
486 486
487 0
487 1
487 19
487 20
488 0
489 0
489 1
489 19
489 20
491 0
491 1
491 19
491 20
492 0
492 1
492 19
492 20
493 0
493 1
493 19
493 20
494 0
494 1
494 19
494 20
495 0
495 1
495 19
495 20
496 0
496 1
496 19
496 20
498 0
498 1
498 19
498 20
499 0
499 1
499 19
499 20
500 0
500 1
500 19
500 20
